# C     gamma     limits                    test  train   kaggle  NOTES
# 4.22  0.0083    7,2,1,10,100,30           0.851 0.862
# 5.66  0.0072    7,2,1,10,100,30           0.850 0.863   0.73
# 5.33  0.0077    15,2,1,10,50,10           0.836 0.841   0.770
# 4.84  0.0081    15,2,1,10,50,10,10        0.828 0.850   0.775
# 5.05  0.0079    15,2,1,10,50,5,10         0.825 0.853   0.770
# 7.16  0.0079    4,2,1,10,50,10,10         0.839 0.891   0.737   age as slices
# 4.21  0.0084    18,2,1,10,50,10,10        0.828 0.849   0.775   
# 6.89  0.0061    15,2,1,10,50,10,50        0.834 0.843   0.794   
# 39.7  0.0027    15,2,1,10,50,10,50        0.835 0.846   0.780   age nan as means(title) + title feature
# 2.89  0.0095    15,2,1,10,50,10,50        0.834 0.839   0.775   ticket as fare norm, age as slices
# 6.89  0.0061    15,2,1,10,50,10,50        0.851 -----   0.746   add KNN output as new feature
  5-uniform       
# 3.84  0.0086    15,2,1,10,50,10,50        0.850 -----   0.761  
  3-uniform       
# 3.84  0.0086    15,2,1,10,50,10,50        0.872 -----   0.741 
  3-distance        
# 3.84  0.0086    15,2,1,10,50,10,50        0.877 -----   0.756 
  6-distance        
# 20.0  0.0015    15,2,1,10,50,10,50        0.879 0.876   0.756   found best param by mixing grid search
  6-distance        
# 0.12  'l2'      15,2,1,10,50,10,50        0.814 0.824   0.760   logistic regression
# 15.51  0.0019   15,2,1,10,50,10,50        0.879 0.876   0.737   averaged pred over KNN, SVC and LR
  5-uniform       
  0.12  'l2'        
# 6.00  0.0120    15,2,1,10,50,10,50        0.838 0.845   0.756   add SVC pred as feature of LR
  1.00  'l2'        
# 6.80  0.0060    15,2,1,10,50,10,50        0.832 -----   0.761   
  0.20  'l2'        
# 3.78  0.0010    15,3,2,10,40,50,10        0.821  0.823  0.779   vote system (KNN,SVC,LR)
  18-uniform                                0.824  0.837
  0.07  'l2'                                0.802  0.814
# 3.00  0.0009    15,3,2,10,40,50,10        0.821  0.823  0.785
  18-uniform                                0.824  0.837
  0.12  'l2'                                0.822  0.830
# 3.00  0.0009    15,3,2,10,40,50,10        0.821  0.823  0.780
# 18-uniform      15,3,2,10,40,50,10        0.824  0.837  0.780
# 0.12  'l2'      15,3,2,10,40,50,10        0.822  0.830  0.780
    
# 8.73  0.0038    16,40,2,2,10,50,20,100    0.824  0.831  0.780   Age NaN filled (Name detailed processing)
# 3.00  0.0070    16,40,2,2,3,10,50,20,100  0.824  0.828  0.789   SibSp and Parch replaced by Relatives
# 7.33  0.0050    16,40,2,2,3,10,50,20,100  0.825  0.829  0.780   
# 6.40  0.0050    15,50,2,2,3,10,50,20,100  0.827  0.829  0.789  
# 8.63  0.0114    15,50,2,2,3,10,50,20,100  0.818  0.838  0.765   class_weight='balanced'
# 8.44  0.0050    15,50,2,2,3,10,50,20,100  0.828  0.828  -----   reduced Embarkment to 2 categories
# 2.00  0.0137    16,2,2,3,15,35,20         0.827  0.827  0.789   remove Cabin, Embarkment, last Age bound 
# 2.00  0.0137    16,2,2,4,15,35,20         0.831  0.834  0.789   
# 2.00  0.0137    16,2,2,4,15,35,20         0.831  0.834  0.789   vote system (KNN,SVC,LR)
  0.27  'l1'      
  16-distance    
# 5.50  0.0064    16,2,2,4,15,50,20         0.829  0.831  0.789   remove Pclass, creates Location
# 4.00  0.0064    16,2,2,15,50,20           0.822  0.823  0.789   Hard code Relatives to 2 categories
# 4.00  0.0064    16,2,2,15,50,20           0.822  0.823  0.789   Reduce Location to 4 categories
# 1.00  0.0173    15,2,2,15,50,20           0.826  0.826  0.789   
# 2.00  0.0173    15,2,2,15,50,20           0.825  0.826  0.789   
